specbzip =

  Columns 1 through 11

   85.5000   84.7500   84.0000  132.7500  133.5000   84.5000   85.0000   84.5000  277.5000   87.5000   85.0000

  Columns 12 through 21

   85.0000   86.0000  133.5000   36.7500   84.7500   37.5000   85.2500  133.0000   37.0000   84.7500


specmcf =

  Columns 1 through 11

   85.5000   84.7500   84.0000  132.7500  133.5000   84.5000   85.0000   84.5000  277.5000   87.5000   85.0000

  Columns 12 through 20

   85.0000   86.0000   36.7500   84.7500   37.5000   85.2500  133.0000   37.0000   84.7500


spechmmer =

  Columns 1 through 11

   85.5000   84.7500   84.0000  132.7500  133.5000   84.5000   85.0000   84.5000   87.5000   85.0000   86.0000

  Columns 12 through 15

   36.7500   84.7500   85.2500   37.0000


specsjeng =

  Columns 1 through 11

   85.5000   84.7500   84.0000  132.7500  133.5000   84.5000   85.0000   84.5000  277.5000   87.5000   85.0000

  Columns 12 through 20

   85.0000   86.0000   36.7500   84.7500   37.5000   85.2500  133.0000   37.0000   84.7500


speclibm =

  Columns 1 through 11

   85.5000   84.7500   84.0000  132.7500  133.5000   84.5000   82.2500   85.0000   84.5000  277.5000   87.5000

  Columns 12 through 22

   85.0000   34.2500   85.0000   34.5000   86.0000   36.7500   84.7500   37.5000   85.2500  133.0000   37.0000

  Column 23

   84.7500